
strategic_region={
	id=64
	name="STRATEGICREGION_64"
	provinces={
		9 41 249 446 631 824 1030 1249 1475 1699 1924 2244 2245 2270 2271 2296 2322 2346 2396 2421 2445 2470 2496 2520 2543 2567 2580 2593 2606 2632 2655 2669 2681 2777 2837 2862 2886 2933 2957 2983 3032 3233 3437 3822 5470 5496 5522 5546 5596 5622 5776 5802 5828 5854 5879 5903 5926 5951 7679 8491 8553 8576 8641 8731 8778 8814 8878 8926 8949 8961 8974 8986 8997 9009 9021 9037 9070 10995 12960 
	}
	naval_terrain=water_deep_ocean
	weather={
		
	}
}
