
state={
	id=767
	name="STATE_767"

	resources={
		aluminium= 6
		steel= 26
		tungsten= 36
		oil= 12
		
	}

	history={
		owner = MON
		add_core_of = MON
		buildings = {
			infrastructure = 4
			arms_factory = 4
			industrial_complex = 5

		}

	}

	provinces={
	 4882 1791 12579 1834 7676 7717 12649 1689 10554 12605 1859 10623 4697 7799 4777 10669 7773 12695 12557 12629 4792 10708 12665 7823 12533 7885 4862 10578 10647 4873 10575 1868 4655 12612 7749 7752 4801 1723 4856 1787 1853 10632 12686 4732 12539 12669 4729 10704 7881 1798 10558 10689 7806 1725 1728 12675 4786 12541 1781 10560 4858 12614 7864 1855 7870 1774 10539 4751 7843 12520 10563 10695 10634 12544
	}
	manpower= 772000
	buildings_max_level_factor=1.000
	state_category= megalopolis
}
